3.030825924485868406e+00
2.833244187505256306e+00
2.519758935248652243e+00
1.853724413900903256e+00
-1.353569285737699168e+01
-8.646696494810635514e+00
-4.136997937206928100e+00
-3.737668061439511025e+00
-3.347250534401914557e+00
-3.084678371183605883e+00
-2.822308368518602784e+00
-2.591149602728489931e+00
-2.389754241894376019e+00
-2.214951268383213989e+00
-2.062645806606807852e+00
-1.929610715087659356e+00
-1.812974973537908596e+00
-1.710277197079985045e+00
-1.619421778081513885e+00
-1.538620336043737824e+00
-1.466384955519460132e+00
-1.401482693087365172e+00
-1.342889377503210024e+00
-1.289669313743482260e+00
-1.241112614361516986e+00
-1.196577921057124572e+00
-1.155525722475753359e+00
-1.117540849493898314e+00
-1.082211577688586557e+00
-1.049214783313080268e+00
-1.018276133904120195e+00
-9.891376519948675838e-01
-9.615950202246872358e-01
-9.354724606522861752e-01
-9.106151376173531320e-01
-8.868893502846368904e-01
-8.641631928267935470e-01
-8.423513940118767529e-01
-8.213561236711924840e-01
-8.010952874904659904e-01
-7.814902628222418768e-01
-7.624918134751293985e-01
-7.440226560515383891e-01
-7.260418485329511729e-01
-7.084887004708102509e-01
-6.913250966129644848e-01
-6.745142790096926300e-01
-6.579929145627990694e-01
-6.417312526472006562e-01
-6.257062663081953691e-01
-6.098584421937465194e-01
-5.941676742909699493e-01
-5.786026300690377822e-01
-5.631282515408058131e-01
-5.477124102274821826e-01
-5.323340834316367953e-01
-5.169511101488706295e-01
-5.015422629431962598e-01
-4.860812479131069175e-01
-4.705464991771287075e-01
-4.548989264364011187e-01
-4.391214451760910298e-01
-4.231841308129366541e-01
-4.070575642930791549e-01
-3.907196214153992875e-01
-3.741373991866444038e-01
-3.572854491315047287e-01
-3.401337453728008331e-01
-3.226506894631548938e-01
-3.048040098888740723e-01
-2.865632617140758120e-01
-2.678836233978713621e-01
-2.487384895528931272e-01
-2.290876469337515542e-01
-2.088492510086841503e-01
