2.075630252100840456e-01
2.142857142857143016e-01
2.210084033613445575e-01
2.277310924369748135e-01
2.344537815126050695e-01
2.411764705882352977e-01
2.815126050420168058e-01
2.882352941176470340e-01
2.949579831932773177e-01
3.016806722689076015e-01
3.084033613445378297e-01
3.151260504201680579e-01
3.218487394957983416e-01
3.285714285714286254e-01
3.352941176470588536e-01
3.420168067226890818e-01
3.487394957983193100e-01
3.554621848739496492e-01
3.621848739495798775e-01
3.689075630252101057e-01
3.756302521008403339e-01
3.823529411764705621e-01
3.890756302521009014e-01
3.957983193277311296e-01
4.025210084033613578e-01
4.092436974789915860e-01
4.159663865546219252e-01
4.226890756302521535e-01
4.294117647058823817e-01
4.361344537815126099e-01
4.428571428571428381e-01
4.495798319327731773e-01
4.563025210084034056e-01
4.630252100840336338e-01
4.697478991596638620e-01
4.764705882352940902e-01
4.831932773109244295e-01
4.899159663865546577e-01
4.966386554621848859e-01
5.033613445378151141e-01
5.100840336134454533e-01
5.168067226890756816e-01
5.235294117647059098e-01
5.302521008403361380e-01
5.369747899159663662e-01
5.436974789915967055e-01
5.504201680672269337e-01
5.571428571428571619e-01
5.638655462184873901e-01
5.705882352941177293e-01
5.773109243697479576e-01
5.840336134453781858e-01
5.907563025210084140e-01
5.974789915966386422e-01
6.042016806722688704e-01
6.109243697478992097e-01
6.176470588235294379e-01
6.243697478991596661e-01
6.310924369747898943e-01
6.378151260504202336e-01
6.445378151260504618e-01
6.512605042016806900e-01
6.579831932773109182e-01
6.647058823529411464e-01
6.714285714285714857e-01
6.781512605042017139e-01
6.848739495798319421e-01
6.915966386554621703e-01
6.983193277310923985e-01
7.050420168067227378e-01
7.117647058823529660e-01
7.184873949579831942e-01
7.252100840336134224e-01
7.319327731092437617e-01
7.386554621848739899e-01
